12345678901233, + 100.0,03,11,2023,19:01:09,0,20000.5
11231231231231, - 50.0,05,11,2023,18:15:05,2.5,1000.0
11231231231231, + 100.0,05,11,2023,18:16:41,0,947.5
12345678901233, - 100.0,05,11,2023,18:18:23,0,20100.5
11231231231231, + 100.0,05,11,2023,18:18:23,0,1047.5
11231231231231, + 100.0,05,11,2023,18:22:16,0,2
11231231231231, - 1000.0,05,11,2023,18:24:04,0,2
12345678901233, + 6900.0,08,11,2023,22:19:48,0,1
11231231231231, - 50.0,08,11,2023,22:30:09,2.5,247.5
11231231231231, - 100.0,08,11,2023,22:30:34,5.0,195.0
12345678901233, - 100.0,08,11,2023,22:47:43,0,2
12345678901233, - 10.0,08,11,2023,23:04:40,0,19890.5
00000000000001, + 1000.0,08,11,2023,23:15:15,0,1000.0
00000000000001, - 100.0,08,11,2023,23:15:56,3.0,2000.0
00000000000001, - 1000.0,08,11,2023,23:17:15,0,1897.0
12345678901233, + 1000.0,08,11,2023,23:17:15,0,19890.5
00000000000001, - 200.0,08,11,2023,23:26:28,6.0,897.0
00000000000001, + 500.0,08,11,2023,23:28:54,0,691.0
00000000000001, - 500.0,08,11,2023,23:36:04,0,1191.0
12345678901233, + 500.0,08,11,2023,23:36:04,0,20890.5
00000000000001, - 200.0,08,11,2023,23:45:07,0
